0001100111101010111
1100001101
11000100
0001101101110
101011001100001
111011000101110100
1110010000011001
100
0100101110
10110100101111111110001
000101101001
0110010001001110100011
00011011010000101
00001011000
1010011101110000000110000
00001
0001011101101101000000
10111100001101
111101011011000001
11011
1010110100010100
011000
0111100010
100111100
1111101011001111010
1111111001000010001111100
00110111111011010111
01011011010
111100011111000100101
11001011010001101000
110011011101011100110001000
11110111001110100001
10111111100
110011110001110010
101011
11001000011100000
111000111011010
00101000100
0000011110
10000110110001
0100000100101100
0010001111
10011000
001110101100010001
1011000
1011000111
01110011001101010110
1000111001011010
01110011100010001
01111010110101101
00001
0011011101011111101
000101
01100100
1011110111000101011
00001110
1001100010100
1010010100011101
10111000111101001
01111011001101101101
100000111
00100
11010001100111001
1100011100111
111000011
0000101110
11011
00010010110111100
010000011010101001110110100111
1101011101100011
0001110010111
010001011000011111010
00000100111100
1000000100011
10100001110
111100
0001001010
0100000010011
10101101000110
0111011
111110011100
11001111111010
0001100100111
01101010000
1000111100011101001
10101100010000011
110001100101100000
1100011001011110
100010010011100
101
110101011000
100010011010
00001110101
110100001111
1001110000000
11000101010010
00110111100010
111100000
1010100001
11001011001111011
1100011
11000100010010011
110111111100
000111101100100000011011101001
0101001000101110
0010111111011
111000110000
01000101001
011111000110001
10110100111111
0111010010011
1100000000100000
111101001100101
010001100001
01110110100
101110111110101101111000
1100001110001011
1101111111001010
00000100001011010100
110011010
1000100011000101011
111000000111100100
100010110010111000000
0101011001010
0110101101
11011000010111000100
11011000001001
001001110
001101
0000110011111
1001110100000000
1101111100100010011
010000011111110
0101001011101000
001010001
1101010011010
0011100011010101
1110000101100110100
100011011110110
110111101101001101001
11111011101
110010010
110100010100010110100001
1101000010110111
01010111100010
11000011100
0101100110
1100111110100100
11001000101011
0011101101111110110
01111000000101110110
101101010
100101101
011111000
0111111101000
00011011111
111001110111100110
001111111100
0100000101010111
00001010111
000010100100101110110
10000110100
10001
10111011000
00101
11100010111011
1111101010100
1000101101
101101101
011110111011001
10100110101110
10111100100011111
01101010010100101010010
111011010011100
000101101
0001000101111100
10010101011101001
11001001100
0101101100010110
0100000110101
111111010001010
100100010
01111000000
00001110000110010011
0001011110010011
001101111111111010
0010000010101110
0001110011000111011
0110111000001100
00100101110101000111
000000100001
00100001110001011111
01101010010
111111000
1001010011
010011000100
00101100100101100010010011011
01011101001000111
01001011110
000101111100
